((0, 4, 0),) 6.904075504804437
((0, 4, 0), (0, 3, 1)) 6.128316599847808
((0, 4, 0), (3, 4, 1)) 6.128316599847808
((0, 4, 0), (0, 3, 1), (0, 5, 2)) 3.159820783294517
((0, 4, 0), (3, 4, 1), (0, 5, 2)) 3.159820783294517
((0, 4, 0), (0, 3, 1), (3, 5, 2)) 3.159820783294517
((0, 4, 0), (3, 4, 1), (3, 5, 2)) 3.159820783294517
((0, 4, 0), (0, 3, 1), (4, 5, 2)) 3.159820783294517
((0, 4, 0), (3, 4, 1), (4, 5, 2)) 3.159820783294517
((0, 4, 0), (0, 3, 1), (0, 5, 2), (0, 1, 3)) 0.2202359657484782
((0, 4, 0), (3, 4, 1), (0, 5, 2), (0, 1, 3)) 0.2202359657484782
((0, 4, 0), (0, 3, 1), (3, 5, 2), (0, 1, 3)) 0.2202359657484782
((0, 4, 0), (3, 4, 1), (3, 5, 2), (0, 1, 3)) 0.2202359657484782
((0, 4, 0), (0, 3, 1), (4, 5, 2), (0, 1, 3)) 0.2202359657484782
((0, 4, 0), (3, 4, 1), (4, 5, 2), (0, 1, 3)) 0.2202359657484782
((0, 4, 0), (0, 3, 1), (0, 5, 2), (1, 3, 3)) 0.2202359657484782
((0, 4, 0), (3, 4, 1), (0, 5, 2), (1, 3, 3)) 0.2202359657484782
((0, 4, 0), (0, 3, 1), (3, 5, 2), (1, 3, 3)) 0.2202359657484782
((0, 4, 0), (3, 4, 1), (3, 5, 2), (1, 3, 3)) 0.2202359657484782
((0, 4, 0), (0, 3, 1), (4, 5, 2), (1, 3, 3)) 0.2202359657484782
((0, 4, 0), (3, 4, 1), (4, 5, 2), (1, 3, 3)) 0.2202359657484782
((0, 4, 0), (0, 3, 1), (0, 5, 2), (1, 4, 3)) 0.2202359657484782
((0, 4, 0), (3, 4, 1), (0, 5, 2), (1, 4, 3)) 0.2202359657484782
((0, 4, 0), (0, 3, 1), (3, 5, 2), (1, 4, 3)) 0.2202359657484782
((0, 4, 0), (3, 4, 1), (3, 5, 2), (1, 4, 3)) 0.2202359657484782
((0, 4, 0), (0, 3, 1), (4, 5, 2), (1, 4, 3)) 0.2202359657484782
((0, 4, 0), (3, 4, 1), (4, 5, 2), (1, 4, 3)) 0.2202359657484782
((0, 4, 0), (0, 3, 1), (0, 5, 2), (1, 5, 3)) 0.2202359657484782
((0, 4, 0), (3, 4, 1), (0, 5, 2), (1, 5, 3)) 0.2202359657484782
((0, 4, 0), (0, 3, 1), (3, 5, 2), (1, 5, 3)) 0.2202359657484782
((0, 4, 0), (3, 4, 1), (3, 5, 2), (1, 5, 3)) 0.2202359657484782
((0, 4, 0), (0, 3, 1), (4, 5, 2), (1, 5, 3)) 0.2202359657484782
((0, 4, 0), (3, 4, 1), (4, 5, 2), (1, 5, 3)) 0.2202359657484782
((0, 4, 0), (0, 3, 1), (0, 5, 2), (0, 1, 3), (0, 2, 4)) 0.2786514146356676
((0, 4, 0), (3, 4, 1), (0, 5, 2), (0, 1, 3), (0, 2, 4)) 0.2786514146356676
((0, 4, 0), (0, 3, 1), (3, 5, 2), (0, 1, 3), (0, 2, 4)) 0.2786514146356676
((0, 4, 0), (3, 4, 1), (3, 5, 2), (0, 1, 3), (0, 2, 4)) 0.2786514146356676
((0, 4, 0), (0, 3, 1), (4, 5, 2), (0, 1, 3), (0, 2, 4)) 0.2786514146356676
((0, 4, 0), (3, 4, 1), (4, 5, 2), (0, 1, 3), (0, 2, 4)) 0.2786514146356676
((0, 4, 0), (0, 3, 1), (0, 5, 2), (1, 3, 3), (0, 2, 4)) 0.2786514146356676
((0, 4, 0), (3, 4, 1), (0, 5, 2), (1, 3, 3), (0, 2, 4)) 0.2786514146356676
((0, 4, 0), (0, 3, 1), (3, 5, 2), (1, 3, 3), (0, 2, 4)) 0.2786514146356676
((0, 4, 0), (3, 4, 1), (3, 5, 2), (1, 3, 3), (0, 2, 4)) 0.2786514146356676
((0, 4, 0), (0, 3, 1), (4, 5, 2), (1, 3, 3), (0, 2, 4)) 0.2786514146356676
((0, 4, 0), (3, 4, 1), (4, 5, 2), (1, 3, 3), (0, 2, 4)) 0.2786514146356676
((0, 4, 0), (0, 3, 1), (0, 5, 2), (1, 4, 3), (0, 2, 4)) 0.2786514146356676
((0, 4, 0), (3, 4, 1), (0, 5, 2), (1, 4, 3), (0, 2, 4)) 0.2786514146356676
((0, 4, 0), (0, 3, 1), (3, 5, 2), (1, 4, 3), (0, 2, 4)) 0.2786514146356676
((0, 4, 0), (3, 4, 1), (3, 5, 2), (1, 4, 3), (0, 2, 4)) 0.2786514146356676
((0, 4, 0), (0, 3, 1), (4, 5, 2), (1, 4, 3), (0, 2, 4)) 0.2786514146356676
((0, 4, 0), (3, 4, 1), (4, 5, 2), (1, 4, 3), (0, 2, 4)) 0.2786514146356676
((0, 4, 0), (0, 3, 1), (0, 5, 2), (1, 5, 3), (0, 2, 4)) 0.2786514146356676
((0, 4, 0), (3, 4, 1), (0, 5, 2), (1, 5, 3), (0, 2, 4)) 0.2786514146356676
((0, 4, 0), (0, 3, 1), (3, 5, 2), (1, 5, 3), (0, 2, 4)) 0.2786514146356676
((0, 4, 0), (3, 4, 1), (3, 5, 2), (1, 5, 3), (0, 2, 4)) 0.2786514146356676
((0, 4, 0), (0, 3, 1), (4, 5, 2), (1, 5, 3), (0, 2, 4)) 0.2786514146356676
((0, 4, 0), (3, 4, 1), (4, 5, 2), (1, 5, 3), (0, 2, 4)) 0.2786514146356676
((0, 4, 0), (0, 3, 1), (0, 5, 2), (0, 1, 3), (1, 2, 4)) 0.2786514146356676
((0, 4, 0), (3, 4, 1), (0, 5, 2), (0, 1, 3), (1, 2, 4)) 0.2786514146356676
((0, 4, 0), (0, 3, 1), (3, 5, 2), (0, 1, 3), (1, 2, 4)) 0.2786514146356676
((0, 4, 0), (3, 4, 1), (3, 5, 2), (0, 1, 3), (1, 2, 4)) 0.2786514146356676
((0, 4, 0), (0, 3, 1), (4, 5, 2), (0, 1, 3), (1, 2, 4)) 0.2786514146356676
((0, 4, 0), (3, 4, 1), (4, 5, 2), (0, 1, 3), (1, 2, 4)) 0.2786514146356676
((0, 4, 0), (0, 3, 1), (0, 5, 2), (1, 3, 3), (1, 2, 4)) 0.2786514146356676
((0, 4, 0), (3, 4, 1), (0, 5, 2), (1, 3, 3), (1, 2, 4)) 0.2786514146356676
((0, 4, 0), (0, 3, 1), (3, 5, 2), (1, 3, 3), (1, 2, 4)) 0.2786514146356676
((0, 4, 0), (3, 4, 1), (3, 5, 2), (1, 3, 3), (1, 2, 4)) 0.2786514146356676
((0, 4, 0), (0, 3, 1), (4, 5, 2), (1, 3, 3), (1, 2, 4)) 0.2786514146356676
((0, 4, 0), (3, 4, 1), (4, 5, 2), (1, 3, 3), (1, 2, 4)) 0.2786514146356676
((0, 4, 0), (0, 3, 1), (0, 5, 2), (1, 4, 3), (1, 2, 4)) 0.2786514146356676
((0, 4, 0), (3, 4, 1), (0, 5, 2), (1, 4, 3), (1, 2, 4)) 0.2786514146356676
((0, 4, 0), (0, 3, 1), (3, 5, 2), (1, 4, 3), (1, 2, 4)) 0.2786514146356676
((0, 4, 0), (3, 4, 1), (3, 5, 2), (1, 4, 3), (1, 2, 4)) 0.2786514146356676
((0, 4, 0), (0, 3, 1), (4, 5, 2), (1, 4, 3), (1, 2, 4)) 0.2786514146356676
((0, 4, 0), (3, 4, 1), (4, 5, 2), (1, 4, 3), (1, 2, 4)) 0.2786514146356676
((0, 4, 0), (0, 3, 1), (0, 5, 2), (1, 5, 3), (1, 2, 4)) 0.2786514146356676
((0, 4, 0), (3, 4, 1), (0, 5, 2), (1, 5, 3), (1, 2, 4)) 0.2786514146356676
((0, 4, 0), (0, 3, 1), (3, 5, 2), (1, 5, 3), (1, 2, 4)) 0.2786514146356676
((0, 4, 0), (3, 4, 1), (3, 5, 2), (1, 5, 3), (1, 2, 4)) 0.2786514146356676
((0, 4, 0), (0, 3, 1), (4, 5, 2), (1, 5, 3), (1, 2, 4)) 0.2786514146356676
((0, 4, 0), (3, 4, 1), (4, 5, 2), (1, 5, 3), (1, 2, 4)) 0.2786514146356676
((0, 4, 0), (0, 3, 1), (0, 5, 2), (0, 1, 3), (2, 3, 4)) 0.2786514146356676
((0, 4, 0), (3, 4, 1), (0, 5, 2), (0, 1, 3), (2, 3, 4)) 0.2786514146356676
((0, 4, 0), (0, 3, 1), (3, 5, 2), (0, 1, 3), (2, 3, 4)) 0.2786514146356676
((0, 4, 0), (3, 4, 1), (3, 5, 2), (0, 1, 3), (2, 3, 4)) 0.2786514146356676
((0, 4, 0), (0, 3, 1), (4, 5, 2), (0, 1, 3), (2, 3, 4)) 0.2786514146356676
((0, 4, 0), (3, 4, 1), (4, 5, 2), (0, 1, 3), (2, 3, 4)) 0.2786514146356676
((0, 4, 0), (0, 3, 1), (0, 5, 2), (1, 3, 3), (2, 3, 4)) 0.2786514146356676
((0, 4, 0), (3, 4, 1), (0, 5, 2), (1, 3, 3), (2, 3, 4)) 0.2786514146356676
((0, 4, 0), (0, 3, 1), (3, 5, 2), (1, 3, 3), (2, 3, 4)) 0.2786514146356676
((0, 4, 0), (3, 4, 1), (3, 5, 2), (1, 3, 3), (2, 3, 4)) 0.2786514146356676
((0, 4, 0), (0, 3, 1), (4, 5, 2), (1, 3, 3), (2, 3, 4)) 0.2786514146356676
((0, 4, 0), (3, 4, 1), (4, 5, 2), (1, 3, 3), (2, 3, 4)) 0.2786514146356676
((0, 4, 0), (0, 3, 1), (0, 5, 2), (1, 4, 3), (2, 3, 4)) 0.2786514146356676
((0, 4, 0), (3, 4, 1), (0, 5, 2), (1, 4, 3), (2, 3, 4)) 0.2786514146356676
((0, 4, 0), (0, 3, 1), (3, 5, 2), (1, 4, 3), (2, 3, 4)) 0.2786514146356676
((0, 4, 0), (3, 4, 1), (3, 5, 2), (1, 4, 3), (2, 3, 4)) 0.2786514146356676
((0, 4, 0), (0, 3, 1), (4, 5, 2), (1, 4, 3), (2, 3, 4)) 0.2786514146356676
((0, 4, 0), (3, 4, 1), (4, 5, 2), (1, 4, 3), (2, 3, 4)) 0.2786514146356676
((0, 4, 0), (0, 3, 1), (0, 5, 2), (1, 5, 3), (2, 3, 4)) 0.2786514146356676
((0, 4, 0), (3, 4, 1), (0, 5, 2), (1, 5, 3), (2, 3, 4)) 0.2786514146356676
((0, 4, 0), (0, 3, 1), (3, 5, 2), (1, 5, 3), (2, 3, 4)) 0.2786514146356676
((0, 4, 0), (3, 4, 1), (3, 5, 2), (1, 5, 3), (2, 3, 4)) 0.2786514146356676
((0, 4, 0), (0, 3, 1), (4, 5, 2), (1, 5, 3), (2, 3, 4)) 0.2786514146356676
((0, 4, 0), (3, 4, 1), (4, 5, 2), (1, 5, 3), (2, 3, 4)) 0.2786514146356676
((0, 4, 0), (0, 3, 1), (0, 5, 2), (0, 1, 3), (2, 4, 4)) 0.2786514146356676
((0, 4, 0), (3, 4, 1), (0, 5, 2), (0, 1, 3), (2, 4, 4)) 0.2786514146356676
((0, 4, 0), (0, 3, 1), (3, 5, 2), (0, 1, 3), (2, 4, 4)) 0.2786514146356676
((0, 4, 0), (3, 4, 1), (3, 5, 2), (0, 1, 3), (2, 4, 4)) 0.2786514146356676
((0, 4, 0), (0, 3, 1), (4, 5, 2), (0, 1, 3), (2, 4, 4)) 0.2786514146356676
((0, 4, 0), (3, 4, 1), (4, 5, 2), (0, 1, 3), (2, 4, 4)) 0.2786514146356676
((0, 4, 0), (0, 3, 1), (0, 5, 2), (1, 3, 3), (2, 4, 4)) 0.2786514146356676
((0, 4, 0), (3, 4, 1), (0, 5, 2), (1, 3, 3), (2, 4, 4)) 0.2786514146356676
((0, 4, 0), (0, 3, 1), (3, 5, 2), (1, 3, 3), (2, 4, 4)) 0.2786514146356676
((0, 4, 0), (3, 4, 1), (3, 5, 2), (1, 3, 3), (2, 4, 4)) 0.2786514146356676
((0, 4, 0), (0, 3, 1), (4, 5, 2), (1, 3, 3), (2, 4, 4)) 0.2786514146356676
((0, 4, 0), (3, 4, 1), (4, 5, 2), (1, 3, 3), (2, 4, 4)) 0.2786514146356676
((0, 4, 0), (0, 3, 1), (0, 5, 2), (1, 4, 3), (2, 4, 4)) 0.2786514146356676
((0, 4, 0), (3, 4, 1), (0, 5, 2), (1, 4, 3), (2, 4, 4)) 0.2786514146356676
((0, 4, 0), (0, 3, 1), (3, 5, 2), (1, 4, 3), (2, 4, 4)) 0.2786514146356676
((0, 4, 0), (3, 4, 1), (3, 5, 2), (1, 4, 3), (2, 4, 4)) 0.2786514146356676
((0, 4, 0), (0, 3, 1), (4, 5, 2), (1, 4, 3), (2, 4, 4)) 0.2786514146356676
((0, 4, 0), (3, 4, 1), (4, 5, 2), (1, 4, 3), (2, 4, 4)) 0.2786514146356676
((0, 4, 0), (0, 3, 1), (0, 5, 2), (1, 5, 3), (2, 4, 4)) 0.2786514146356676
((0, 4, 0), (3, 4, 1), (0, 5, 2), (1, 5, 3), (2, 4, 4)) 0.2786514146356676
((0, 4, 0), (0, 3, 1), (3, 5, 2), (1, 5, 3), (2, 4, 4)) 0.2786514146356676
((0, 4, 0), (3, 4, 1), (3, 5, 2), (1, 5, 3), (2, 4, 4)) 0.2786514146356676
((0, 4, 0), (0, 3, 1), (4, 5, 2), (1, 5, 3), (2, 4, 4)) 0.2786514146356676
((0, 4, 0), (3, 4, 1), (4, 5, 2), (1, 5, 3), (2, 4, 4)) 0.2786514146356676
((0, 4, 0), (0, 3, 1), (0, 5, 2), (0, 1, 3), (2, 5, 4)) 0.2786514146356676
((0, 4, 0), (3, 4, 1), (0, 5, 2), (0, 1, 3), (2, 5, 4)) 0.2786514146356676
((0, 4, 0), (0, 3, 1), (3, 5, 2), (0, 1, 3), (2, 5, 4)) 0.2786514146356676
((0, 4, 0), (3, 4, 1), (3, 5, 2), (0, 1, 3), (2, 5, 4)) 0.2786514146356676
((0, 4, 0), (0, 3, 1), (4, 5, 2), (0, 1, 3), (2, 5, 4)) 0.2786514146356676
((0, 4, 0), (3, 4, 1), (4, 5, 2), (0, 1, 3), (2, 5, 4)) 0.2786514146356676
((0, 4, 0), (0, 3, 1), (0, 5, 2), (1, 3, 3), (2, 5, 4)) 0.2786514146356676
((0, 4, 0), (3, 4, 1), (0, 5, 2), (1, 3, 3), (2, 5, 4)) 0.2786514146356676
((0, 4, 0), (0, 3, 1), (3, 5, 2), (1, 3, 3), (2, 5, 4)) 0.2786514146356676
((0, 4, 0), (3, 4, 1), (3, 5, 2), (1, 3, 3), (2, 5, 4)) 0.2786514146356676
((0, 4, 0), (0, 3, 1), (4, 5, 2), (1, 3, 3), (2, 5, 4)) 0.2786514146356676
((0, 4, 0), (3, 4, 1), (4, 5, 2), (1, 3, 3), (2, 5, 4)) 0.2786514146356676
((0, 4, 0), (0, 3, 1), (0, 5, 2), (1, 4, 3), (2, 5, 4)) 0.2786514146356676
((0, 4, 0), (3, 4, 1), (0, 5, 2), (1, 4, 3), (2, 5, 4)) 0.2786514146356676
((0, 4, 0), (0, 3, 1), (3, 5, 2), (1, 4, 3), (2, 5, 4)) 0.2786514146356676
((0, 4, 0), (3, 4, 1), (3, 5, 2), (1, 4, 3), (2, 5, 4)) 0.2786514146356676
((0, 4, 0), (0, 3, 1), (4, 5, 2), (1, 4, 3), (2, 5, 4)) 0.2786514146356676
((0, 4, 0), (3, 4, 1), (4, 5, 2), (1, 4, 3), (2, 5, 4)) 0.2786514146356676
((0, 4, 0), (0, 3, 1), (0, 5, 2), (1, 5, 3), (2, 5, 4)) 0.2786514146356676
((0, 4, 0), (3, 4, 1), (0, 5, 2), (1, 5, 3), (2, 5, 4)) 0.2786514146356676
((0, 4, 0), (0, 3, 1), (3, 5, 2), (1, 5, 3), (2, 5, 4)) 0.2786514146356676
((0, 4, 0), (3, 4, 1), (3, 5, 2), (1, 5, 3), (2, 5, 4)) 0.2786514146356676
((0, 4, 0), (0, 3, 1), (4, 5, 2), (1, 5, 3), (2, 5, 4)) 0.2786514146356676
((0, 4, 0), (3, 4, 1), (4, 5, 2), (1, 5, 3), (2, 5, 4)) 0.2786514146356676

((0, 4, 0),) 6.904075504804437
((0, 4, 0), (0, 1, 1)) 13.728433305626464
((0, 4, 0), (1, 4, 1)) 13.728433305626464
((0, 4, 0), (0, 1, 1), (0, 5, 2)) 2.374042979075014
((0, 4, 0), (1, 4, 1), (0, 5, 2)) 2.374042979075014
((0, 4, 0), (0, 1, 1), (1, 5, 2)) 2.374042979075014
((0, 4, 0), (0, 1, 1), (0, 5, 2), (0, 3, 3)) 0.2202359657484782
((0, 4, 0), (1, 4, 1), (0, 5, 2), (0, 3, 3)) 0.2202359657484782
((0, 4, 0), (0, 1, 1), (1, 5, 2), (0, 3, 3)) 0.2202359657484782
((0, 4, 0), (0, 1, 1), (0, 5, 2), (1, 3, 3)) 0.2202359657484782
((0, 4, 0), (1, 4, 1), (0, 5, 2), (1, 3, 3)) 0.2202359657484782
((0, 4, 0), (0, 1, 1), (1, 5, 2), (1, 3, 3)) 0.2202359657484782
((0, 4, 0), (0, 1, 1), (0, 5, 2), (3, 4, 3)) 0.2202359657484782
((0, 4, 0), (1, 4, 1), (0, 5, 2), (3, 4, 3)) 0.2202359657484782
((0, 4, 0), (0, 1, 1), (1, 5, 2), (3, 4, 3)) 0.2202359657484782
((0, 4, 0), (0, 1, 1), (0, 5, 2), (3, 5, 3)) 0.2202359657484782
((0, 4, 0), (1, 4, 1), (0, 5, 2), (3, 5, 3)) 0.2202359657484782
((0, 4, 0), (0, 1, 1), (1, 5, 2), (3, 5, 3)) 0.2202359657484782
((0, 4, 0), (0, 1, 1), (0, 5, 2), (0, 3, 3), (0, 2, 4)) 0.2786514146356676
((0, 4, 0), (1, 4, 1), (0, 5, 2), (0, 3, 3), (0, 2, 4)) 0.2786514146356676
((0, 4, 0), (0, 1, 1), (1, 5, 2), (0, 3, 3), (0, 2, 4)) 0.2786514146356676
((0, 4, 0), (0, 1, 1), (0, 5, 2), (1, 3, 3), (0, 2, 4)) 0.2786514146356676
((0, 4, 0), (1, 4, 1), (0, 5, 2), (1, 3, 3), (0, 2, 4)) 0.2786514146356676
((0, 4, 0), (0, 1, 1), (1, 5, 2), (1, 3, 3), (0, 2, 4)) 0.2786514146356676
((0, 4, 0), (0, 1, 1), (0, 5, 2), (3, 4, 3), (0, 2, 4)) 0.2786514146356676
((0, 4, 0), (1, 4, 1), (0, 5, 2), (3, 4, 3), (0, 2, 4)) 0.2786514146356676
((0, 4, 0), (0, 1, 1), (1, 5, 2), (3, 4, 3), (0, 2, 4)) 0.2786514146356676
((0, 4, 0), (0, 1, 1), (0, 5, 2), (3, 5, 3), (0, 2, 4)) 0.2786514146356676
((0, 4, 0), (1, 4, 1), (0, 5, 2), (3, 5, 3), (0, 2, 4)) 0.2786514146356676
((0, 4, 0), (0, 1, 1), (1, 5, 2), (3, 5, 3), (0, 2, 4)) 0.2786514146356676
((0, 4, 0), (0, 1, 1), (0, 5, 2), (0, 3, 3), (1, 2, 4)) 0.2786514146356676
((0, 4, 0), (1, 4, 1), (0, 5, 2), (0, 3, 3), (1, 2, 4)) 0.2786514146356676
((0, 4, 0), (0, 1, 1), (1, 5, 2), (0, 3, 3), (1, 2, 4)) 0.2786514146356676
((0, 4, 0), (0, 1, 1), (0, 5, 2), (1, 3, 3), (1, 2, 4)) 0.2786514146356676
((0, 4, 0), (1, 4, 1), (0, 5, 2), (1, 3, 3), (1, 2, 4)) 0.2786514146356676
((0, 4, 0), (0, 1, 1), (1, 5, 2), (1, 3, 3), (1, 2, 4)) 0.2786514146356676
((0, 4, 0), (0, 1, 1), (0, 5, 2), (3, 4, 3), (1, 2, 4)) 0.2786514146356676
((0, 4, 0), (1, 4, 1), (0, 5, 2), (3, 4, 3), (1, 2, 4)) 0.2786514146356676
((0, 4, 0), (0, 1, 1), (1, 5, 2), (3, 4, 3), (1, 2, 4)) 0.2786514146356676
((0, 4, 0), (0, 1, 1), (0, 5, 2), (3, 5, 3), (1, 2, 4)) 0.2786514146356676
((0, 4, 0), (1, 4, 1), (0, 5, 2), (3, 5, 3), (1, 2, 4)) 0.2786514146356676
((0, 4, 0), (0, 1, 1), (1, 5, 2), (3, 5, 3), (1, 2, 4)) 0.2786514146356676
((0, 4, 0), (0, 1, 1), (0, 5, 2), (0, 3, 3), (2, 3, 4)) 0.2786514146356676
((0, 4, 0), (1, 4, 1), (0, 5, 2), (0, 3, 3), (2, 3, 4)) 0.2786514146356676
((0, 4, 0), (0, 1, 1), (1, 5, 2), (0, 3, 3), (2, 3, 4)) 0.2786514146356676
((0, 4, 0), (0, 1, 1), (0, 5, 2), (1, 3, 3), (2, 3, 4)) 0.2786514146356676
((0, 4, 0), (1, 4, 1), (0, 5, 2), (1, 3, 3), (2, 3, 4)) 0.2786514146356676
((0, 4, 0), (0, 1, 1), (1, 5, 2), (1, 3, 3), (2, 3, 4)) 0.2786514146356676
((0, 4, 0), (0, 1, 1), (0, 5, 2), (3, 4, 3), (2, 3, 4)) 0.2786514146356676
((0, 4, 0), (1, 4, 1), (0, 5, 2), (3, 4, 3), (2, 3, 4)) 0.2786514146356676
((0, 4, 0), (0, 1, 1), (1, 5, 2), (3, 4, 3), (2, 3, 4)) 0.2786514146356676
((0, 4, 0), (0, 1, 1), (0, 5, 2), (3, 5, 3), (2, 3, 4)) 0.2786514146356676
((0, 4, 0), (1, 4, 1), (0, 5, 2), (3, 5, 3), (2, 3, 4)) 0.2786514146356676
((0, 4, 0), (0, 1, 1), (1, 5, 2), (3, 5, 3), (2, 3, 4)) 0.2786514146356676
((0, 4, 0), (0, 1, 1), (0, 5, 2), (0, 3, 3), (2, 4, 4)) 0.2786514146356676
((0, 4, 0), (1, 4, 1), (0, 5, 2), (0, 3, 3), (2, 4, 4)) 0.2786514146356676
((0, 4, 0), (0, 1, 1), (1, 5, 2), (0, 3, 3), (2, 4, 4)) 0.2786514146356676
((0, 4, 0), (0, 1, 1), (0, 5, 2), (1, 3, 3), (2, 4, 4)) 0.2786514146356676
((0, 4, 0), (1, 4, 1), (0, 5, 2), (1, 3, 3), (2, 4, 4)) 0.2786514146356676
((0, 4, 0), (0, 1, 1), (1, 5, 2), (1, 3, 3), (2, 4, 4)) 0.2786514146356676
((0, 4, 0), (0, 1, 1), (0, 5, 2), (3, 4, 3), (2, 4, 4)) 0.2786514146356676
((0, 4, 0), (1, 4, 1), (0, 5, 2), (3, 4, 3), (2, 4, 4)) 0.2786514146356676
((0, 4, 0), (0, 1, 1), (1, 5, 2), (3, 4, 3), (2, 4, 4)) 0.2786514146356676
((0, 4, 0), (0, 1, 1), (0, 5, 2), (3, 5, 3), (2, 4, 4)) 0.2786514146356676
((0, 4, 0), (1, 4, 1), (0, 5, 2), (3, 5, 3), (2, 4, 4)) 0.2786514146356676
((0, 4, 0), (0, 1, 1), (1, 5, 2), (3, 5, 3), (2, 4, 4)) 0.2786514146356676
((0, 4, 0), (0, 1, 1), (0, 5, 2), (0, 3, 3), (2, 5, 4)) 0.2786514146356676
((0, 4, 0), (1, 4, 1), (0, 5, 2), (0, 3, 3), (2, 5, 4)) 0.2786514146356676
((0, 4, 0), (0, 1, 1), (1, 5, 2), (0, 3, 3), (2, 5, 4)) 0.2786514146356676
((0, 4, 0), (0, 1, 1), (0, 5, 2), (1, 3, 3), (2, 5, 4)) 0.2786514146356676
((0, 4, 0), (1, 4, 1), (0, 5, 2), (1, 3, 3), (2, 5, 4)) 0.2786514146356676
((0, 4, 0), (0, 1, 1), (1, 5, 2), (1, 3, 3), (2, 5, 4)) 0.2786514146356676
((0, 4, 0), (0, 1, 1), (0, 5, 2), (3, 4, 3), (2, 5, 4)) 0.2786514146356676
((0, 4, 0), (1, 4, 1), (0, 5, 2), (3, 4, 3), (2, 5, 4)) 0.2786514146356676
((0, 4, 0), (0, 1, 1), (1, 5, 2), (3, 4, 3), (2, 5, 4)) 0.2786514146356676
((0, 4, 0), (0, 1, 1), (0, 5, 2), (3, 5, 3), (2, 5, 4)) 0.2786514146356676
((0, 4, 0), (1, 4, 1), (0, 5, 2), (3, 5, 3), (2, 5, 4)) 0.2786514146356676
((0, 4, 0), (0, 1, 1), (1, 5, 2), (3, 5, 3), (2, 5, 4)) 0.2786514146356676